newpoint	0	1	1	0	12780.0	20082.0	504.5	12517	19916
newpoint	1	1	1	0	10638.0	16420.0	298.0	10621	16380
newpoint	2	1	3	0	3687.0	17583.0	126.12499999999999	3740	17459
newpoint	3	1	0	0	8285.0	18345.0	298.0	8216	18354
newpoint	4	1	2	0	11730.0	16535.0	252.25	11745	16487
point	4	2	2	1	11783.510594858397	16294.510594858397	252.25	11742	16253
point	3	2	0	1	8018.957328987679	18242.629855287607	298.0	7980	18219
point	2	2	3	1	3736.5701686117927	17467.02451117241	126.12499999999999	3740	17459
point	1	2	1	1	10474.738687750656	16266.945570376267	298.0	10189	16288
point	0	2	1	1	12433.03326599805	19755.00035639547	504.5	12393	19662
newpoint	5	1	0	1	6560.0	19800.0	298.0	6561	19857
newpoint	6	1	1	1	9622.0	7164.0	298.0	9748	7199
newpoint	7	1	0	1	12877.0	4507.0	448.0	12931	4553
newpoint	8	1	2	1	9181.0	13985.0	252.25	8933	13579
newpoint	9	1	1	1	4240.0	17932.0	504.5	4410	17879
point	9	2	1	2	4724.073640989203	17795.99263590108	504.5	4744	17794
point	8	2	2	2	9049.507131377622	13769.73344894885	252.25	8933	13579
point	7	2	0	2	13213.567977133203	4802.5679771332025	448.0	13265	4854
point	6	2	1	2	9701.271275896781	7359.5678498440375	298.0	9654	7522
point	5	2	0	2	6794.349062515505	19800.508152004066	298.0	6857	19792
point	4	3	2	2	11667.456796872078	16074.63097761248	252.25	11657	16054
point	3	3	0	2	7763.139970546644	18089.78756578404	298.0	7740	18076
point	2	3	3	2	3785.5353146208777	17350.79242439555	126.125	3833	17238
point	1	3	1	2	10186.438374725889	16270.922498172593	448.00000000000006	10183	16248
point	0	3	1	2	12208.44448661755	19303.462466189303	504.5	12201	19289
newpoint	10	1	0	2	16825.0	18588.0	672.0	16575	18505
newpoint	11	1	4	2	13782.0	19641.0	63.0625	14065	20013
newpoint	12	1	2	2	11905.0	28288.0	252.25	11813	28261
newpoint	13	1	0	2	9259.0	9879.0	298.0	9199	9929
newpoint	14	1	0	2	11762.0	27996.0	198.0	11735	28084
point	14	2	0	3	11832.61954631012	28125.183246099583	198.0	11863	28138
point	13	2	0	3	9178.908805216373	10098.870661353694	298.0	9167	10111
point	12	2	2	3	11662.646628670962	28218.04189390599	252.25	11589	28197
point	11	2	4	3	13820.182005243933	19691.189773677535	63.0625	14065	20013
point	10	2	0	3	16166.599710717088	18493.759722090585	672.0	15838	18490
point	9	3	1	3	5153.947004584272	17840.211360278747	298.0	5079	18012
point	8	3	2	3	8917.977404903708	13554.48945010605	252.24999999999997	8838	13424
point	7	3	0	3	13549.198982437674	5091.145894438756	672.0	13461	5489
point	6	3	1	3	9700.248919385342	7642.891446619071	448.0	9992	7896
disappearpoint	5	2	0	3	6857.0	19792.0	0.0	6857	19792
point	4	4	2	3	11551.915584890292	15850.39894572494	252.25	11513	15775
point	3	4	0	3	7335.49160730517	18004.24820695976	672.0	7255	17998
point	2	4	3	3	3834.4628178624516	17234.544357803195	126.125	3902	17075
point	1	4	1	3	10028.58247067614	15852.33968255512	448.0	10028	15851
point	0	4	1	3	12069.055850453178	18924.46899465489	448.0	12116	18902
newpoint	15	1	0	3	8001.0	20731.0	298.0	8044	20726
newpoint	16	1	2	3	5373.0	19679.0	252.25	5361	19626
newpoint	17	1	0	3	14826.0	21040.0	298.0	14826	21162
newpoint	18	1	0	3	15303.0	23276.0	198.0	15297	23324
newpoint	19	1	1	3	13321.0	21350.0	298.0	13179	21252
point	19	2	1	4	13064.848692971638	21199.930982758993	298.0	13008	21174
point	18	2	0	4	15358.318506046615	23443.693812492944	298.0	15593	23581
point	17	2	0	4	14986.105569149577	21318.53808088578	298.0	14984	21325
point	16	2	2	4	5264.578361658505	19453.16876146336	252.25	5255	19436
point	15	2	0	4	8290.166910249056	20777.364568109435	298.0	8344	20774
point	13	3	0	4	9078.719837488758	10318.940543187795	298.0	9176	10401
point	12	3	2	4	11467.382891260899	28070.25445896467	252.25	11423	28024
point	11	3	4	4	13858.364010487865	19741.379547355074	63.0625	14065	20013
point	10	3	0	4	15497.475946354522	18534.013600664617	672.0	15301	18562
point	9	4	1	4	5038.112207486344	18114.679407181873	298.0	5031	18135
point	8	4	2	4	8785.556232417217	13339.79451402201	252.25	8696	13196
point	7	4	0	4	13411.545222859071	5748.822112740404	672.0	13394	5841
point	6	4	1	4	10016.776035722647	7945.200419533224	448.0	10078	7970
point	14	3	0	4	11923.380245122466	28295.14203810473	298.0	12080	28356
point	4	5	2	4	11436.149092441798	15626.283275639416	252.25	11416	15588
point	3	5	0	4	6667.932040751356	17938.0095414009	672.0	6598	17936
point	2	5	3	4	3883.629406068333	17118.397200157415	126.125	3902	17075
point	1	5	1	4	9679.670421792518	15703.2223185075	448.0	9632	15702
point	0	5	1	4	12179.614949009901	18536.692185965338	448.0	12188	18465
newpoint	20	1	0	4	11694.0	27916.0	298.0	11860	27952
newpoint	21	1	4	4	11196.0	15913.0	63.0625	11513	15775
newpoint	22	1	1	4	11937.0	7089.0	298.0	12303	7070
newpoint	23	1	1	4	12955.0	28670.0	298.0	12998	28639
newpoint	24	1	2	4	12645.0	21510.0	198.0	12474	21403
point	24	2	2	5	12477.151503379846	21404.971993342944	198.0	12474	21403
point	23	2	1	5	13238.636810070104	28593.01844393565	298.00000000000006	13312	28579
point	22	2	1	5	12234.599267475869	7073.55085769934	298.0	12303	7070
point	21	2	4	5	11253.821124839691	15887.828658587137	63.0625	11513	15775
point	20	2	0	5	11882.842929333428	28077.696296890295	298.0	11883	28080
point	19	3	1	5	13062.308002260896	20945.246657874297	298.0	13067	20927
point	18	3	0	5	15615.606322305748	23594.049177916328	298.0	15716	23652
point	17	3	0	5	14935.0	21611.341939823196	298.0	14935	21619
point	16	3	2	5	5447.665957330042	19305.70168677251	252.25	5517	19259
point	15	3	0	5	8504.14387412981	20384.693643857394	672.0	8802	19982
point	13	4	0	5	9299.07786439674	10518.401228440065	298.0	9362	10615
disappearpoint	12	3	2	5	11423.0	28024.0	0.0	11423	28024
point	11	4	4	5	13896.546015731798	19791.56932103261	63.0625	14065	20013
point	10	4	0	5	14846.485143091324	18681.014473005343	672.0	14737	18728
point	9	5	1	5	4960.468906787696	18401.936445246407	297.99999999999994	4956	18432
point	8	5	2	5	8656.54109533115	13123.152791380584	252.25	8631	13076
point	7	5	0	5	13389.352503998418	6419.148502596852	672.0	13389	6463
point	6	5	1	5	10335.64141491103	7920.852780379598	298.0	10389	7900
point	14	4	0	5	12163.27450010308	28261.437916580766	298.0	12393	28070
point	4	6	2	5	11319.84844878168	15402.444374841838	252.25	11302	15368
point	3	6	0	5	6010.398107855215	17843.7859413445	672.0	5964	17826
point	2	6	3	5	3932.674662702917	17002.19880051841	126.125	3977	16897
point	1	6	1	5	9278.747643968916	15690.627760589849	448.0	9231	15689
point	0	6	1	5	12206.046075320037	18111.3586177404	448.0	12118	18114
newpoint	25	1	0	5	6760.0	15448.0	132.0	6732	15390
newpoint	26	1	0	5	11798.0	22558.0	672.0	11931	22639
newpoint	27	1	0	5	15492.0	12165.0	448.0	15402	12206
newpoint	28	1	1	5	11666.0	18650.0	198.0	11579	18731
newpoint	29	1	3	5	8811.0	12064.0	126.12500000000001	8985	11992
point	29	2	3	6	8927.54162298921	12015.775880142395	126.12500000000001	8985	11992
point	28	2	1	6	11705.366653120807	18807.688524479618	448.0	11974	18944
point	27	2	0	6	15120.187187300824	12411.86301106972	448.00000000000006	15016	12494
point	26	2	0	6	12137.4331697433	22165.791657049973	672.0	12191	22043
point	25	2	0	6	6745.589940269872	15323.785184642538	132.0	6779	15161
point	23	3	1	6	13402.0	28416.1931916474	298.0	13402	28278
point	22	3	1	6	12299.442176991468	6840.52041594966	298.0	12299	6812
point	21	3	4	6	11311.642249679382	15862.657317174275	63.0625	11513	15775
point	20	3	0	6	11910.299130033918	28290.059090527466	298.0	12080	28356
point	19	4	1	6	12866.048248357745	20817.978694047408	298.0	12929	20567
point	18	4	0	6	15837.742980519926	23516.606587939772	298.0	16262	23042
point	17	4	0	6	14952.849511744318	21908.36181659309	298.0	14958	21946
point	16	4	2	6	5683.992884305604	19262.61303639377	252.25	5872	19289
point	15	4	0	6	8854.272251246979	19823.39865318926	672.0	8843	19730
point	13	5	0	6	9462.03475741639	10767.898653612043	298.0	9485	10803
point	24	3	2	6	12569.545506868773	21174.739671180538	252.25	12578	21152
point	11	5	4	6	13934.72802097573	19841.759094710145	63.0625	14065	20013
point	10	5	0	6	14228.549447478608	18945.096321656856	672.0	14203	18956
point	9	6	1	6	5070.397047856716	18673.334538534924	298.0	5074	18680
point	8	6	2	6	8529.643813983965	12905.182931259687	252.25	8488	12835
point	7	6	0	6	13557.93931887239	6815.482434410429	298.0	13615	6832
disappearpoint	6	5	1	6	10389.0	7900.0	0.0	10389	7900
point	14	5	0	6	12392.204441423099	28070.66296548075	298.0	12393	28070
point	4	7	2	6	11231.61878990016	15166.904940337785	252.25000000000003	11215	15107
point	3	7	0	6	5347.601677493412	17824.164150974408	672.0	5168	17808
point	2	7	3	6	3968.1182371229092	16888.976378463693	126.125	3770	16710
point	1	7	1	6	8847.265935254565	15735.526593525456	448.0	8822	15733
point	0	7	1	6	11932.11766169879	17814.654882229053	448.0	11836	17634
newpoint	30	1	0	6	12067.0	11487.0	298.0	12059	11616
newpoint	31	1	2	6	12635.0	26784.0	252.25	12418	26860
newpoint	32	1	0	6	5524.0	22095.0	298.0	5735	21994
newpoint	33	1	2	6	18140.0	9401.0	132.0	18203	9726
newpoint	34	1	0	6	7652.0	14383.0	298.0	7674	14418
point	34	2	0	7	7871.017729790663	14582.494087024932	298.0	8370	14998
point	33	2	2	7	18165.120084243626	9530.587736177438	132.0	18203	9726
point	32	2	0	7	5791.532178700116	21964.168248917176	298.0	5897	21875
point	31	2	2	7	12395.94361031046	26863.459825833652	252.25	12316	26876
point	30	2	0	7	12212.17779964427	11686.808605495937	298.0	12271	11714
point	28	3	1	7	12102.975154565087	18978.604969086984	448.0	12136	18972
point	27	3	0	7	14769.30240880641	12689.825976602615	448.0	14631	12806
point	26	3	0	7	12081.710263697756	21542.327506330763	1009.0	12036	21504
point	25	3	0	7	6772.128460668697	15194.480478869542	132.0	6779	15161
point	23	4	1	7	13641.110119169969	28254.662488541348	448.0	13856	28234
disappearpoint	22	3	1	7	12071.0	6830.0	0.0	12071	6830
point	21	4	4	7	11369.463374519073	15837.485975761414	63.0625	11513	15775
point	20	4	0	7	12152.493316274724	28270.42223643773	298.0	12393	28070
point	19	5	1	7	12938.561183839734	20528.935664336153	298.0	12982	20356
point	18	5	0	7	16036.346178181318	23294.433750088992	298.0	16262	23042
point	17	5	0	7	14998.393881552067	22202.840583730376	298.0	15061	22555
point	16	5	2	7	5934.314848970741	19292.262557537735	252.24999999999997	6063	19299
point	15	5	0	7	8598.509248520373	18897.40987333965	1009.0	8584	18848
point	13	6	0	7	9710.817571593263	10682.294443828665	298.0	9876	10594
point	24	4	2	7	12603.0	20926.357051080577	252.25	12603	20869
point	11	6	4	7	13972.91002621966	19891.94886838768	63.0625	14065	20013
point	10	6	0	7	13621.128427694628	19225.902714632357	672.0	13545	19256
point	9	7	1	7	5221.622479449407	18929.35251450767	298.0	5287	19018
point	8	7	2	7	8401.679650076929	12687.801087499605	252.25	8393	12673
point	7	7	0	7	13844.416446924795	6897.547556264228	298.0	14434	7066
point	29	3	3	7	9042.55977838663	11964.459188929772	126.125	9384	11763
point	14	6	0	7	12511.757643032492	27797.81668797035	298.0	12564	27679
point	4	8	2	7	11166.254369302673	14923.335879370721	252.24999999999997	11090	14578
point	3	8	0	7	5080.813753897617	18007.842631515574	298.0	5079	18012
point	2	8	3	7	3874.527796422202	16804.42849242006	126.125	3770	16710
point	1	8	1	7	8661.048196211004	15961.27285681458	298.0	8598	16032
point	0	8	1	7	11725.399543844824	17419.69616069393	448.0	11717	17349
newpoint	35	1	5	7	4809.0	10750.0	31.53125	4785	10773
newpoint	36	1	4	7	15346.0	22223.0	63.06250000000001	15278	22374
newpoint	37	1	0	7	5387.0	17685.0	298.0	5368	17826
newpoint	38	1	1	7	7637.0	14770.0	298.0	7654	14684
newpoint	39	1	4	7	10278.0	5309.0	63.06250000000001	10278	5144
point	39	2	4	8	10278.0	5245.9375	63.06250000000001	10278	5144
point	38	2	1	8	7822.716465738983	14574.986160187484	298.0	7838	14555
point	37	2	0	8	5018.200213733083	17795.054339458413	672.0	5006	17794
point	36	2	4	8	15320.105544803257	22280.50092256924	63.06250000000001	15278	22374
point	35	2	5	8	4786.234809407454	10771.816640984523	31.53125	4785	10773
point	33	3	2	8	18190.240168487253	9660.175472354875	132.0	18203	9726
point	32	3	0	8	5923.428103261802	21729.107964910574	298.0	5909	21571
point	31	3	2	8	12305.209452017823	26705.011316590124	252.25	12303	26670
point	30	3	0	8	12242.602636998521	11943.193554003614	298.0	12194	12062
point	28	4	1	8	12275.966939949036	18603.29709729808	448.0	12292	18433
point	27	4	0	8	14788.793235653782	13003.878225188115	447.99999999999994	14816	13034
point	26	4	0	8	11223.64572340966	21038.287564153834	1009.0	10364	20772
point	25	4	0	8	6853.126184483653	15097.169118916854	132.0	6887	15068
point	23	5	1	8	14086.460169973516	28208.873711047738	448.0	14099	28206
point	34	3	0	8	8100.018221359804	14773.184345981941	298.0	8370	14998
point	21	5	4	8	11427.284499358764	15812.314634348551	63.0625	11513	15775
point	20	5	0	8	12381.42325759474	28079.647285337716	298.0	12393	28070
point	19	6	1	8	13032.49884968926	20251.136886504883	298.0	13046	20245
point	18	6	0	8	16234.949375842712	23072.26091223821	298.0	16262	23042
point	17	6	0	8	15050.55381529788	22496.240211050575	298.0	15061	22555
point	16	6	2	8	6180.460918901399	19261.215368745005	252.25	6206	19253
point	15	6	0	8	8573.686751956742	17892.975864341908	1008.9999999999999	8652	17274
point	13	7	0	8	9973.401516067637	10541.392764049031	298.0	10063	10493
point	24	5	2	8	12603.0	20674.10705108058	252.24999999999997	12603	20538
point	11	7	4	8	14011.092031463593	19942.13864206522	63.0625	14065	20013
point	10	7	0	8	13296.497963965312	18784.83432889472	672.0	13241	18684
point	9	8	1	8	5423.194600351204	19147.379949864222	298.0	5480	19201
point	8	8	2	8	8272.37975415966	12471.229355336127	252.25	8259	12449
point	7	8	0	8	14130.95058332176	6979.414452377646	298.0	14434	7066
point	29	4	3	8	9151.186046562834	11900.366681667912	126.125	9384	11763
point	14	7	0	8	12649.119397682516	27533.923516410756	298.0	12671	27497
point	4	9	2	8	11111.864682471309	14677.0193665942	252.24999999999997	11090	14578
point	3	9	0	8	4987.543710761895	18290.368867714315	298.0	4982	18307
point	2	9	3	8	3780.9373557214944	16719.880606376424	126.125	3770	16710
point	1	9	1	8	8447.94958164541	15894.945036766843	298.0	8439	15887
point	0	9	1	8	11756.853962343846	16982.707924687693	448.0	11738	16945
newpoint	40	1	2	8	9816.0	14450.0	252.25	9810	14634
newpoint	41	1	0	8	11547.0	13475.0	298.0	11496	13479
newpoint	42	1	0	8	18339.0	18326.0	672.0	18030	18415
newpoint	43	1	1	8	6600.0	20925.0	504.49999999999994	6725	20869
newpoint	44	1	0	8	15994.0	22033.0	298.0	16023	21999
point	44	2	0	9	16156.41261002243	21783.667366279587	298.0	16194	21723
point	43	2	1	9	6981.385825530281	20606.43606767048	504.49999999999994	7057	20530
point	42	2	0	9	17695.241307890017	18518.42723225547	672.0	17431	18606
point	41	2	0	9	11272.537204462711	13580.966875754273	298.0	11158	13662
point	40	2	2	9	9794.848776306015	14684.589248638267	252.25	9796	14690
point	39	3	4	9	10278.0	5182.875	63.06250000000001	10278	5144
point	38	3	1	9	8047.665974358635	14729.590275640743	298.0	8370	14998
point	37	3	0	9	4361.383457671185	17894.15692202016	672.0	4240	17932
point	36	3	4	9	15294.211089606511	22338.001845138482	63.06250000000001	15278	22374
point	35	3	5	9	4764.361898673192	10751.474238401071	31.531250000000004	4692	10676
point	33	4	2	9	18217.77920985474	9789.24632452543	132.0	18271	10017
point	32	4	0	9	5963.529297598931	21448.11521658554	298.0	6040	21363
point	31	4	2	9	12350.944264616017	26490.338968745637	252.25	12600	26355
point	30	4	0	9	12105.750151278688	12165.833057354792	298.0	11881	12124
point	28	5	1	9	12268.040608208335	18175.40870363449	448.0	12218	18111
point	27	5	0	9	15090.80595779256	13334.771392686644	448.0	15114	13360
point	26	5	0	9	10254.949297443949	20773.03857811958	1009.0	9944	20776
point	25	5	0	9	6931.229807100236	14993.424740250473	132.0	7013	14781
point	23	6	1	9	14490.893801299719	28016.89997512741	448.0	14501	28012
point	34	4	0	9	8329.018712928944	14963.874604938952	298.0	8370	14998
point	21	6	4	9	11485.105624198455	15787.143292935689	63.0625	11513	15775
point	20	6	0	9	12506.10897754675	27810.663652836156	298.0	12564	27679
point	19	7	1	9	13200.999098934226	20008.770247356257	298.0	13207	20002
point	18	7	0	9	16433.537621861295	22850.074709966666	298.0	16506	22769
point	17	7	0	9	15240.401860929685	22528.75697848632	198.0	15229	22486
point	16	7	2	9	6420.134585334475	19182.56682845161	252.25	6425	19181
point	15	7	0	9	8695.973649757998	16891.429247105418	1009.0	8752	16404
point	13	8	0	9	10235.789596161561	10400.125592063161	298.0	10303	10364
point	24	6	2	9	12609.143664691732	20422.119123106728	252.25	12613	20377
point	11	8	4	9	14049.274036707526	19992.328415742755	63.0625	14065	20013
point	10	8	0	9	12751.030936953533	18480.61607430946	672.0	12734	18479
point	9	9	1	9	5391.688062225672	19343.407004718458	298.0	5324	19389
point	8	9	2	9	8142.163199890651	12255.188366877434	252.25	8089	12167
point	7	9	0	9	14417.484719718726	7061.281348491065	298.0	14434	7066
point	29	5	3	9	9259.812314739036	11836.274174406053	126.125	9384	11763
point	14	8	0	9	12849.696663041417	27329.632839748443	298.0	12923	27291
point	4	10	2	9	11070.104700793843	14428.47276645018	252.25	11021	14078
disappearpoint	3	9	0	9	4956.0	18432.0	0.0	4956	18432
point	2	10	3	9	3832.0073504606507	16617.83392412877	126.125	3861	16563
disappearpoint	1	9	1	9	8356.0	15765.0	0.0	8356	15765
point	0	10	1	9	11723.975777142734	16555.248082381364	504.50000000000006	11730	16535
newpoint	45	1	0	9	15782.0	28297.0	298.0	15895	28515
newpoint	46	1	1	9	9665.0	21204.0	298.0	9710	21216
newpoint	47	1	2	9	5976.0	21153.0	252.25	6002	21267
newpoint	48	1	0	9	10149.0	14130.0	298.0	10168	14069
newpoint	49	1	1	9	9384.0	11763.0	298.0	9507	11689
point	49	2	1	10	9641.273552005006	11913.378172429417	504.49999999999994	9659	11943
point	48	2	0	10	9948.667658306804	13998.546358677255	298.0	9866	14006
point	47	2	2	10	6064.355282938924	21343.353405095935	252.25	6190	21242
point	46	2	1	10	9595.698031077154	21358.357904793258	298.0	9518	21362
point	45	2	0	10	15919.579132612147	28561.321163671335	298.0	15965	28650
point	42	3	0	10	17042.394030683357	18641.704552301253	672.0	17033	18641
point	41	3	0	10	11023.401970175728	13744.167401927607	298.0	10986	13767
point	40	3	2	10	9739.862217951137	14929.434048639114	252.25	9718	15007
point	39	4	4	10	10292.142182837128	5124.377721313485	63.0625	10358	5033
point	38	4	1	10	8276.666465927776	14920.280534597754	298.0	8370	14998
point	37	4	0	10	4272.969985917807	18169.748528137003	298.0	4265	18280
point	36	4	4	10	15268.547670453829	22395.605324676962	63.0625	15229	22486
point	35	4	5	10	4742.540161931328	10728.713932336976	31.531250000000004	4692	10676
point	33	5	2	10	18247.815407713202	9917.78358300797	132.0	18271	10017
point	32	5	0	10	6182.884579850271	21247.739772254114	298.0	6190	21242
point	31	5	2	10	12572.583796899626	26369.89819396773	252.25	12600	26355
disappearpoint	30	4	0	10	11842.0	12129.0	0.0	11842	12129
point	28	6	1	10	12154.3601263854	17879.975521688535	298.0	12140	17796
point	27	6	0	10	15389.9814103946	13668.229418651163	448.0	15481	13769
point	26	6	0	10	9319.566508510537	20493.621189075362	1009.0	8843	19730
point	25	6	0	10	6978.649582987849	14870.236409412004	132.0	7013	14781
point	23	7	1	10	14875.380123010544	27822.283435376088	448.0	14733	27153
point	34	5	0	10	8329.316166759949	15239.264592470072	298.0	8327	15253
point	21	7	4	10	11545.552676749445	15772.620169845994	63.0625	11896	15747
point	20	7	0	10	12641.964853240765	27545.99681015621	298.0	12671	27497
disappearpoint	19	7	1	10	13304.0	19994.0	0.0	13304	19994
point	18	8	0	10	16634.05371339236	22908.364220608066	298.0	16814	23103
point	17	8	0	10	15290.934040834083	22345.27882108902	198.0	15346	22223
point	16	8	2	10	6660.160733559642	19104.99422220308	252.25	7248	18915
point	15	8	0	10	8842.611020851478	15893.619556020247	1009.0	8948	15300
point	13	9	0	10	10498.746142126787	10259.920343942342	298.0	10508	10255
point	24	7	2	10	12702.24632991069	20192.0412110586	252.24999999999997	12780	20082
point	11	9	4	10	14093.622504289933	20036.58706372041	63.06250000000001	14281	20191
point	10	9	0	10	12200.039411655292	18327.204412585303	447.99999999999994	12201	18320
point	9	10	1	10	5144.302151062313	19509.545831143532	298.0	5109	19533
point	8	10	2	10	8012.807628326657	12038.632417289478	252.24999999999997	7997	12012
point	7	10	0	10	14532.091755221267	7329.135025911016	298.0	14560	7404
point	29	6	3	10	9368.43858291524	11772.181667144194	126.125	9384	11763
point	14	9	0	10	13130.491006521024	27304.94889576232	298.0	13191	27275
point	4	11	2	10	11035.103858281045	14178.662831652955	252.25	11021	14078
point	44	3	0	10	16600.674894022348	22026.92629256293	672.0	16614	22041
point	2	11	3	10	3891.5507262546885	16506.650882685797	126.12499999999999	3951	16397
point	43	3	1	10	7371.937318373217	20289.062681626783	504.5	7401	20260
point	0	11	1	10	11906.356620598688	16098.104288691766	504.5	12045	15875
newpoint	50	1	0	10	15402.0	12206.0	448.00000000000006	15205	12345
newpoint	51	1	0	10	13693.0	13811.0	448.0	13620	13898
newpoint	52	1	0	10	19207.0	23436.0	298.0	19124	23350
newpoint	53	1	1	10	13268.0	12067.0	298.0	13167	12353
newpoint	54	1	0	10	12686.0	11462.0	448.00000000000006	12800	11456
point	54	2	0	11	13131.85655453785	11490.63653725156	448.0	13215	11506
point	53	2	1	11	13168.768214635935	12347.992976377453	298.0	13167	12353
point	52	2	0	11	18999.779759819186	23221.841942407114	298.0	18430	22634
point	51	2	0	11	13344.220991201704	14086.290126368927	448.00000000000006	13297	14116
point	50	2	0	11	15042.521058444278	12473.091863977792	448.00000000000006	15016	12494
point	47	3	2	11	6260.388486890845	21184.606310689003	252.25	6320	21136
point	46	3	1	11	9299.822835463017	21380.310638617364	298.0	9248	21392
point	45	3	0	11	16056.37354623399	28826.06275381213	298.0	16069	28851
point	42	4	0	11	16390.593809268168	18498.89017627345	672.0	16275	18495
point	41	4	0	11	10612.134260948382	13350.152808707535	672.0	10544	13292
point	40	4	2	11	9650.489166710502	15164.82938052815	252.25	9644	15180
point	39	5	4	11	10329.014178916357	5073.217826753554	63.0625	10358	5033
point	38	5	1	11	8340.644212171177	15172.086648752316	298.0	8327	15253
point	37	5	0	11	4140.510943135547	18284.037482925334	198.0	4080	18286
point	36	5	4	11	15243.27103273346	22453.380496609232	63.0625	15229	22486
point	35	5	5	11	4720.718425189464	10705.953626272882	31.531250000000004	4692	10676
point	33	6	2	11	18279.73548388742	10045.815752044218	132.0	18348	10271
point	32	6	0	11	6408.093567378749	21052.87581334518	298.0	6515	20952
point	31	6	2	11	12795.112452621333	26367.78745991036	252.25	12858	26421
point	49	3	1	11	9900.802348292067	12346.003913820112	504.5	9935	12403
point	28	7	1	11	12103.91128068457	17586.276876431086	298.0	12087	17488
point	27	7	0	11	15690.89888101119	14000.120364636352	448.0	15708	14019
point	26	7	0	11	8774.127881304876	19707.326051458396	672.0	8600	19650
point	25	7	0	11	7128.404076459261	14824.903724739936	448.0	7289	14886
point	23	8	1	11	14782.160806436195	27384.089232975588	448.0	14733	27153
point	34	6	0	11	8157.658229433943	15480.461826790133	298.0	8121	15526
point	21	8	4	11	11608.447326074587	15768.02212759768	63.0625	11896	15747
point	20	8	0	11	12837.2141333302	27336.046662030592	298.0	12849	27330
point	48	3	0	11	9704.807837133918	14148.234623160415	298.0	9690	14161
disappearpoint	18	8	0	11	16814.0	23103.0	0.0	16814	23103
point	17	9	0	11	15286.530393030689	22199.6369401192	198.0	15234	22179
point	16	9	2	11	6900.185213160812	19027.41644386297	252.25	7248	18915
point	15	9	0	11	9107.606251058216	14926.58160129776	1008.9999999999999	9160	14804
point	13	10	0	11	10772.796789494698	10154.969042857781	298.0	12332	9967
point	24	8	2	11	12680.62812470066	20019.278588214103	252.25	12517	19916
point	11	10	4	11	14142.289344655439	20076.69214513272	63.06250000000001	14281	20191
point	10	10	0	11	12002.986332535773	18165.41107481599	88.0	11773	18122
point	9	11	1	11	4894.4572384735775	19671.965197806887	298.0	4845	19704
point	8	11	2	11	8182.645003274722	11891.581619497478	252.25000000000003	8219	11868
point	7	11	0	11	14776.238282354096	7375.548573811297	298.0	15041	7342
point	29	7	3	11	9476.591433588803	11707.294584670151	126.125	9507	11689
point	14	10	0	11	13396.546745300966	27170.726627349515	298.0	13420	27159
point	4	12	2	11	11001.614648659195	13928.657539059905	252.25	10986	13767
point	44	4	0	11	17041.35391663264	22520.05245949863	672.0	17168	22665
point	2	12	3	11	3951.947374290193	16395.97581157817	126.12500000000001	4025	16317
point	43	4	1	11	7665.929386191955	19880.04632019465	504.50000000000006	7778	19721
point	0	12	1	11	12134.984364792466	15650.539088018833	504.5	12242	15383
newpoint	55	1	1	11	10228.0	21816.0	298.0	10405	21795
newpoint	56	1	0	11	14089.0	10700.0	298.00000000000006	14108	10694
newpoint	57	1	0	11	12680.0	21923.0	298.0	12696	21898
newpoint	58	1	1	11	11211.0	28406.0	298.0	11206	28487
newpoint	59	1	2	11	8737.0	17640.0	252.25	8723	17701
point	59	2	2	12	8899.405523833639	17770.667398905312	252.25000000000003	8999	17810
point	58	2	1	12	11051.467374137765	28468.191812099532	504.49999999999994	10979	28372
point	57	2	0	12	12460.019752110726	21435.342364519962	672.0	12474	21403
point	56	2	0	12	14256.22450666158	10525.85443080558	298.0	14260	10517
point	55	2	1	12	10418.435390389464	21676.966246231426	298.0	10416	21638
point	53	3	1	12	13411.892924456697	12448.88719176377	504.5	13220	12936
point	52	3	0	12	18792.37497946795	23007.862370747916	298.0	18430	22634
point	51	3	0	12	12972.04522137588	14333.99687177655	448.0	12965	14339
point	50	3	0	12	14693.575010615445	12753.436991083026	448.0	14631	12806
point	47	4	2	12	6447.52435492192	21015.669326637777	252.24999999999997	6515	20952
point	46	4	1	12	9071.198285081928	21293.40790880926	298.0	9029	21229
point	45	4	0	12	16180.267132462099	29096.999496889024	298.0	16210	29174
point	42	5	0	12	15719.526154190737	18504.118644837374	672.0	15645	18513
point	41	5	0	12	9884.504250898377	13866.297733667441	1008.9999999999999	9708	14020
point	40	5	2	12	9677.36071083772	15410.45840761289	252.25	9691	15453
point	39	6	4	12	10368.74756892455	5041.149255558174	63.0625	10449	5102
point	38	6	1	12	8200.378024317093	15427.393758612307	298.0	8121	15526
disappearpoint	37	5	0	12	4064.0	18381.0	0.0	4064	18381
point	36	6	4	12	15236.07485055906	22512.53068959648	63.0625	15249	22561
point	35	6	5	12	4698.896688447599	10683.193320208788	31.531250000000004	4692	10676
point	33	7	2	12	18318.03026307276	10172.13878987638	132.0	18348	10271
point	32	7	0	12	6811.023884006266	20793.60828143271	672.0	6814	20791
point	31	7	2	12	13010.011218723348	26466.476079873944	252.25	13011	26466
point	49	4	1	12	10160.365456905254	12778.609094842092	504.5	10277	12973
point	28	8	1	12	11909.172368712414	17248.769852654124	447.99999999999994	11806	17110
point	27	8	0	12	15983.24282746479	14338.24282746479	448.0	16009	14364
point	26	8	0	12	8118.14683704275	19571.893354630345	672.0	8055	19564
point	25	8	0	12	7543.721004842623	14992.723383973414	448.0	7721	15067
point	23	9	1	12	14714.217131907824	26942.095223993576	448.0	14698	26760
point	34	7	0	12	7967.238981134007	15709.670248271956	298.0	7932	15752
point	21	9	4	12	11671.341975399731	15763.424085349367	63.0625	11896	15747
point	20	9	0	12	13117.913347913887	27311.17420153757	298.0	13191	27275
point	48	4	0	12	9550.172357777756	14329.760509448313	448.0	9420	14236
point	54	3	0	12	13573.92925701023	11561.429851026516	448.0	13604	11564
disappearpoint	17	9	0	12	15234.0	22179.0	0.0	15234	22179
point	16	10	2	12	7140.209692761982	18949.83866552286	252.25	7248	18915
point	15	10	0	12	9661.68402350683	14086.262272939131	1009.0	9708	14020
point	13	11	0	12	11068.654634453027	10119.302033218442	298.0	12332	9967
point	24	9	2	12	12492.687344780124	19862.512158516274	252.25	12492	19861
point	11	11	4	12	14190.956185020945	20116.797226545037	63.06250000000001	14281	20191
point	10	11	0	12	11916.513301053994	18149.08885602224	88.0	11773	18122
point	9	12	1	12	4648.098986710609	19839.59674002251	298.0	4466	19965
point	8	12	2	12	8390.525317007188	11753.951590071174	252.25	8405	11734
point	7	12	0	12	15071.900229077783	7338.297668405427	298.0	15258	7316
point	29	8	3	12	9553.54244572129	11766.774876402682	126.12499999999999	9659	11943
point	14	11	0	12	13664.636790034405	27054.578212488632	298.0	13759	27082
point	4	13	2	12	10962.388750727157	13680.911421479177	252.25	10922	13624
point	44	5	0	12	17485.70892593994	23024.09500764052	672.0	17572	23118
point	2	13	3	12	4043.4713366723877	16318.629823824034	126.125	4229	16335
point	43	5	1	12	8028.135872414015	19566.462545028717	504.5	8055	19564
point	0	13	1	12	12331.091642017494	15185.84349590573	504.49999999999994	12350	15144
newpoint	60	1	1	12	8581.0	21772.0	298.0	8772	21639
newpoint	61	1	1	12	18140.0	9401.0	132.0	18203	9726
newpoint	62	1	0	12	12714.0	15026.0	298.0	12599	15202
newpoint	63	1	1	12	14958.0	21946.0	298.0	14945	21851
newpoint	64	1	1	12	11371.0	18316.0	198.0	11331	18360
point	64	2	1	13	11217.867231886747	18406.085579763447	448.0	10965	18126
point	63	2	1	13	14935.0	21649.33089057791	298.0	14935	21619
point	62	2	0	13	12548.161688019862	15222.394966089538	298.0	12475	15197
point	61	2	1	13	18165.120084243626	9530.587736177438	132.0	18203	9726
point	60	2	1	13	8825.554762493128	21601.715038770606	298.0	9088	21419
point	57	3	0	13	12603.0	20789.355418617513	672.0	12603	20538
point	56	3	0	13	14417.717009256688	10702.789252844403	672.0	14229	10990
point	55	3	1	13	10232.391859744446	21548.5527685836	298.0	10160	21552
point	53	4	1	13	13226.98130493273	12918.278225939994	504.5	13220	12936
point	52	4	0	13	18584.970199116713	22793.882799088715	298.0	18430	22634
point	51	4	0	13	13159.274310408377	14553.133493472156	298.0	13222	14685
point	50	4	0	13	14855.098611134043	13077.25803785043	448.0	14863	13086
point	47	5	2	13	6664.148937777319	20896.26127587576	252.24999999999997	6725	20869
point	46	5	1	13	8918.765303700162	21039.69386445273	298.0	8897	20922
point	45	5	0	13	16275.435743134934	29375.378609516323	672.0	15728	29626
point	42	6	0	13	15053.954384525787	18596.725287315654	672.0	15052	18597
point	41	6	0	13	9264.028899101553	14655.170334132084	1009.0	9160	14804
point	40	6	2	13	9828.868045571935	15604.253464377949	252.25	9910	15668
point	39	7	4	13	10418.998079402567	5079.251290975572	63.0625	10449	5102
point	38	7	1	13	8010.826265755657	15657.312351500826	298.0	7932	15752
point	59	3	2	13	9133.946881556894	17863.513418548424	252.25	9173	17879
point	36	7	4	13	15236.107133884623	22560.58852554951	63.0625	15061	22555
point	35	7	5	13	4676.829006193815	10660.672604195814	31.531250000000004	4595	10578
point	33	8	2	13	18363.068460585288	10295.42129818995	132.0	18435	10412
point	32	8	0	13	7307.2032649394305	20345.078495207355	672.0	7363	20298
point	31	8	2	13	13234.658678031949	26351.749447309332	252.25	13269	26334
point	49	5	1	13	10450.184682684303	13188.637106143326	504.5	10544	13292
point	28	9	1	13	11651.44310424986	17009.72607631548	298.0	11619	17001
point	27	9	0	13	15888.201174609203	14855.192086645216	672.0	15863	14909
point	26	9	0	13	7621.6431814185335	19942.89560481322	672.0	7611	19958
point	25	9	0	13	7960.673026566735	15156.359572868092	448.0	8126	15218
point	23	10	1	13	14675.793892688704	26495.747322995565	448.0	14668	26403
point	34	8	0	13	7782.37028192493	15943.311227859092	298.0	7647	16122
point	21	10	4	13	11734.236624724874	15758.826043101053	63.0625	11896	15747
point	20	10	0	13	13383.994393233468	27177.002803383268	298.0	13420	27159
point	48	5	0	13	9203.606751472445	14188.412839995195	298.0	9065	14245
point	54	4	0	13	13645.615485077258	11936.9485281874	672.0	13536	12144
point	58	3	1	13	10757.891866999793	28057.970685197623	504.5	10746	28041
point	16	11	2	13	7375.741968943709	18968.381692546907	252.25	7429	18924
point	15	11	0	13	10407.958365980168	13410.466877471814	1008.9999999999999	10544	13292
point	13	12	0	13	11364.512479411358	10083.635023579101	298.0	12332	9967
point	24	10	2	13	12385.55836040485	19647.543064744837	252.25	12201	19289
point	11	12	4	13	14239.62302538645	20156.902307957353	63.06250000000001	14281	20191
point	10	12	0	13	11830.040269572213	18132.76663722849	88.0	11773	18122
point	9	13	1	13	4428.299807123768	19897.9774348867	298.0	4358	19773
point	8	13	2	13	8539.025968540605	11602.162946818642	252.25	8436	11428
point	7	13	0	13	15368.567368561191	7316.633623888602	298.0	15607	7318
point	29	9	3	13	9618.307859237671	11875.001291094532	126.12499999999999	9659	11943
disappearpoint	14	11	0	13	13759.0	27082.0	0.0	13759	27082
point	4	14	2	13	10786.047540429188	13502.304335338336	252.25	10701	13426
point	44	6	0	13	17725.43279641189	22953.4006581824	298.0	17968	22616
point	2	14	3	13	4169.108214006839	16329.715430647662	126.125	4229	16335
point	43	6	1	13	8526.96125432294	19633.894020184034	504.5	8600	19650
point	0	14	1	13	12535.74738851613	14724.761356201607	504.5	12576	14630
newpoint	65	1	1	13	6675.0	18756.0	298.0	6300	18701
newpoint	66	1	2	13	16282.0	7630.0	252.25000000000003	16184	7635
newpoint	67	1	0	13	19010.0	13963.0	132.0	18879	13881
newpoint	68	1	5	13	15851.0	5944.0	31.53125	15996	6011
newpoint	69	1	0	13	9029.0	21229.0	298.0	8924	21068
point	69	2	0	14	8904.762914421204	20963.977240944292	298.0	8897	20922
point	68	2	5	14	15879.623313981363	5957.225945081043	31.53125	15996	6011
point	67	2	0	14	18898.112233631524	13892.963382883856	132.0	18879	13881
point	66	2	2	14	16040.900821610896	7692.239671355642	252.25000000000003	15949	7729
point	65	2	1	14	6380.154355543456	18712.755972146373	298.0	6300	18701
point	63	3	1	14	14977.12308559232	21355.425136470338	298.0	14984	21325
point	62	3	0	14	12271.26901714029	15318.228749106209	672.0	12242	15383
point	61	3	1	14	18190.240168487253	9660.175472354875	132.0	18203	9726
point	60	3	1	14	9070.121397105004	21431.44712859778	298.0	9088	21419
point	57	4	0	14	12732.399029888364	20149.36747464952	672.0	12780	20082
point	56	4	0	14	14041.979566645166	11259.857618686881	672.0	13861	11491
point	55	4	1	14	10082.7838520177	21340.104524141596	298.0	10074	21316
point	53	5	1	14	13012.51232123117	13374.513138331753	504.5	12975	13445
point	52	5	0	14	18378.952884370363	22578.59207549748	298.0	18231	22418
point	51	5	0	14	13327.172038621324	14794.705316148105	298.0	13338	14806
point	50	5	0	14	15157.030869832708	13408.220522475849	448.00000000000006	15313	13583
point	47	6	2	14	6858.94075200924	20740.999693128793	252.25	6965	20623
point	46	6	1	14	8793.655692803748	20776.85533184507	298.0	8691	20638
point	45	6	0	14	15664.70634271178	29655.717143970687	672.0	15564	29703
point	42	7	0	14	14434.633531826847	18857.146295760765	672.0	14203	18956
point	41	7	0	14	8897.655012646204	15583.575847135662	1009.0	8752	16404
point	40	7	2	14	9990.829325024006	15793.25270137658	252.25	10028	15851
point	39	8	4	14	10469.37444177148	5117.185919332781	63.0625	10610	5222
point	38	8	1	14	7823.508907315752	15889.008242343207	298.0	7647	16122
point	59	4	2	14	9368.022342913157	17957.526695597775	252.25	9399	17970
point	36	8	4	14	15173.076725854697	22558.576916782597	63.0625	15061	22555
point	35	8	5	14	4654.647675425309	10638.26259991423	31.531250000000004	4595	10578
point	33	9	2	14	18432.38262775544	10407.758051879508	132.0	18435	10412
point	32	9	0	14	7713.0790419284385	19813.13333570635	672.0	7778	19721
point	31	9	2	14	13460.41962475028	26239.24756410998	252.25	13590	26176
point	49	6	1	14	10818.990482792617	13531.833589867078	504.5	10922	13624
point	28	10	1	14	11682.19018041594	16740.637040352423	448.0	11694	16656
point	27	10	0	14	15540.094890627202	15238.676586300213	298.0	15559	15257
point	26	10	0	14	7181.877788056291	20442.401371654625	672.0	7122	20487
point	25	10	0	14	8384.57727668752	15288.28929861493	448.0	8420	15310
point	23	11	1	14	14682.0	26048.4240029062	448.0	14682	26046
point	34	9	0	14	7598.791613894642	16177.910317613314	298.0	7478	16318
point	21	11	4	14	11797.131274050016	15754.22800085274	63.0625	11896	15747
point	20	11	0	14	13651.160328405225	27050.661975775878	298.0	13759	27082
point	48	6	0	14	8927.445127564206	14300.387138901138	298.0	8839	14336
point	54	5	0	14	13372.110168702193	12549.874187140587	672.0	13220	12936
point	58	4	1	14	10657.363034361639	27569.193202726736	504.5	10644	27455
point	16	12	2	14	7558.008908308789	18795.256372620956	252.25	7624	18719
point	15	12	0	14	11335.48132217699	13046.752266367694	1009.0	11396	13028
point	13	13	0	14	11660.370324369687	10047.96801393976	298.0	12332	9967
point	24	11	2	14	12270.11081424428	19423.262154755816	252.25	12201	19289
point	11	13	4	14	14288.260217688026	20197.043186977317	63.06250000000001	14454	20335
point	10	13	0	14	11744.109553058064	18115.490870578495	88.0	11642	18124
point	9	14	1	14	4231.62082718421	19790.559499508374	298.0	4186	19811
point	8	14	2	14	8478.175114463074	11401.337571316448	252.25000000000003	8610	11318
point	7	14	0	14	15586.239677898084	7262.171566239441	298.0	15533	7119
point	29	10	3	14	9683.119870357019	11983.199783928365	126.125	9935	12403
point	64	3	1	14	10933.613023341119	18063.83600036681	448.0	10929	18044
point	4	15	2	14	10596.041946344127	13336.417966943394	252.25	10544	13292
point	44	7	0	14	17899.38493594479	22711.44063431084	298.0	17968	22616
point	2	15	3	14	4270.25626340641	16283.483111497695	126.12499999999999	4422	16094
point	43	7	1	14	8935.05757130255	19877.507453432157	504.5	9356	20552
point	0	15	1	14	12663.572372483795	14238.128884310896	504.49999999999994	12692	14109
newpoint	70	1	0	14	8124.0	16842.0	672.0	8174	16883
newpoint	71	1	0	14	17789.0	28703.0	672.0	17643	28751
newpoint	72	1	0	14	10006.0	23176.0	298.0	10027	23114
newpoint	73	1	0	14	18966.0	9107.0	132.0	18984	9262
newpoint	74	1	3	14	10986.0	13767.0	126.12500000000001	10984	13750
point	74	2	3	15	10941.388970694574	13651.320822342353	126.125	10922	13624
point	73	2	0	15	18981.226702812535	9238.118829774594	132.0	18984	9262
point	72	2	0	15	10158.682973357263	22927.210888243564	298.0	10677	22386
point	71	2	0	15	17169.78543753305	28962.42324139758	672.0	17042	29019
point	70	2	0	15	8644.093329031648	17267.541879438064	672.0	8652	17274
point	69	3	0	15	8747.880521742622	20714.938389936073	298.0	8691	20638
point	68	3	5	15	15908.246627962726	5970.451890162088	31.53125	15996	6011
point	67	3	0	15	18813.61327260426	13793.225425724197	132.0	18695	13634
point	66	3	2	15	15806.337613217476	7785.027410081864	252.24999999999997	15674	7837
point	65	3	1	15	6303.075011151604	18917.12322103611	298.0	6318	19110
point	63	4	1	15	14740.441906122933	21127.924350228644	504.5	14691	21108
point	62	4	0	15	12007.552520746021	15935.260311443184	672.0	11784	16295
point	61	4	1	15	18217.77920985474	9789.24632452543	132.0	18271	10017
point	60	4	1	15	9358.90676840148	21366.983435698916	298.0	9381	21362
point	57	5	0	15	12399.420521200725	19676.915364635533	672.0	12393	19662
point	56	5	0	15	13700.402520401181	11833.461905908882	672.0	13536	12144
point	55	5	1	15	9803.298824491403	21345.87671836717	298.0	9775	21349
point	53	6	1	15	12777.228453284177	13820.204840838876	504.49999999999994	12754	13885
point	52	6	0	15	18167.372967032883	22465.90172063684	298.0	17968	22616
point	51	6	0	15	13534.263859959388	15008.98756924365	298.0	13542	15017
point	50	6	0	15	15456.272009675407	13741.622582140628	448.0	15481	13769
point	47	7	2	15	7030.820559379616	20556.46399975756	252.24999999999997	7057	20530
point	46	7	1	15	8613.451542057757	20539.557657016325	298.00000000000006	8498	20393
point	45	7	0	15	15047.904837043194	29922.068449239043	672.0	14640	30093
point	42	8	0	15	13816.352798939808	19120.418639470445	672.0	13689	19174
point	41	8	0	15	8731.931373745361	16578.59704841536	1009.0	8652	17274
point	40	8	2	15	10097.779528902245	16020.745410405987	252.25	10183	16248
point	39	9	4	15	10519.937276307592	5154.872504080193	63.0625	10610	5222
point	38	9	1	15	7643.279219845133	16126.315224321621	298.0	7478	16318
point	59	5	2	15	9500.30582166079	17782.377808189805	252.25	9567	17790
point	36	9	4	15	15110.046317824772	22556.565308015684	63.0625	15061	22555
point	35	9	5	15	4632.466344656802	10615.852595632645	31.531250000000004	4595	10578
point	33	10	2	15	18486.76372146961	10527.989079589317	132.0	18489	10533
point	32	10	0	15	7739.2501048919985	19381.93820904297	448.0	7631	19221
point	31	10	2	15	13685.23045210714	26124.934395246895	252.25	14004	25954
point	49	7	1	15	11006.942604009153	13972.569530068642	504.50000000000006	11021	14078
point	28	11	1	15	11800.080321695963	16269.12362025937	504.5	12045	15875
point	27	11	0	15	15706.133726729187	15468.973599572058	298.0	15721	15605
point	26	11	0	15	6684.520768098224	20887.134695891997	672.0	6600	20925
point	25	11	0	15	8633.906439851622	15655.613025087772	448.0	8649	15680
disappearpoint	23	11	1	15	14682.0	25668.0	0.0	14682	25668
point	34	10	0	15	7676.26937228686	16478.154883878975	672.0	8006	16747
point	21	12	4	15	11860.02592337516	15749.629958604426	63.0625	11896	15747
point	20	12	0	15	13932.603165674373	27016.074747212264	298.0	13996	26992
point	48	7	0	15	8759.376933024458	14195.868051925312	298.0	8743	14083
point	54	6	0	15	12973.2068663049	12865.3973288073	672.0	12284	12624
point	58	5	1	15	10593.520488766544	27068.757232102223	504.49999999999994	10544	26692
point	16	13	2	15	7712.59955902239	18596.226325354688	252.25	7764	18525
point	15	13	0	15	12255.523204448053	12641.426098770595	1009.0	12284	12624
point	13	14	0	15	11956.228169328017	10012.30100430042	298.0	12332	9967
point	24	12	2	15	12155.140536733194	19198.737206668957	252.25	12063	19018
point	11	14	4	15	14336.729128812649	20237.387251728447	63.06250000000001	14454	20335
point	10	14	0	15	11656.413526332515	18122.798872805623	88.0	11642	18124
point	9	15	1	15	4079.0459015863544	19954.25922122868	298.0	4084	19962
point	8	15	2	15	8691.312580858967	11266.421124081999	252.24999999999997	8878	11148
point	7	15	0	15	15538.636528156754	6973.859399963569	298.0	15545	6810
point	29	11	3	15	9748.010647510315	12091.35107918386	126.125	9935	12403
point	64	4	1	15	10836.51455982402	17736.166688635687	448.0	10979	17478
point	4	16	2	15	10420.451555892003	13155.878041668622	252.25	10318	13043
point	44	8	0	15	17402.218564472383	22385.316582081014	1009.0	17036	22236
point	2	16	3	15	4349.095732621864	16185.035898643164	126.12499999999999	4422	16094
point	43	8	1	15	9202.161168266655	20305.498012310316	504.5	9356	20552
point	0	16	1	15	12805.16957345217	13755.587424973919	504.5	12900	13587
newpoint	75	1	0	15	17685.0	11466.0	448.0	17715	11487
newpoint	76	1	0	15	13632.0	18108.0	447.99999999999994	13481	18095
newpoint	77	1	2	15	14343.0	29167.0	198.0	14716	29167
newpoint	78	1	0	15	6131.0	19119.0	298.0	6206	19253
newpoint	79	1	0	15	10572.0	13720.0	298.0	10616	13709
point	79	2	0	16	10770.262037896577	13887.30763612466	298.0	10780	13902
point	78	2	0	16	6068.50001436618	19297.23076460948	298.0	6063	19299
point	77	2	2	16	14541.0	29167.0	198.0	14716	29167
point	76	2	0	16	13224.698202102918	17949.50922027328	448.0	13180	17911
disappearpoint	75	1	0	16	18016.0	11350.0	0.0	18016	11350
point	73	3	0	16	18995.995142459517	9369.289885332335	132.0	19002	9423
point	72	3	0	16	10364.799575393656	22711.99019601122	298.0	10677	22386
point	71	3	0	16	16560.159839699118	29245.035645616164	672.0	16285	29371
point	70	3	0	16	9201.218499696444	17642.84377076318	672.0	9221	17655
point	69	4	0	16	8565.80269942885	20479.07078424906	298.00000000000006	8498	20393
point	68	4	5	16	15936.86994194409	5983.677835243131	31.53125	15996	6011
point	67	4	0	16	18734.756545376436	13687.368840804236	132.0	18695	13634
point	66	4	2	16	15651.857854750286	7944.822620346437	252.25	15651	7949
point	65	4	1	16	6363.582549938604	19200.800780332836	298.0	6206	19253
point	63	5	1	16	14273.30486110466	20937.427685592203	504.5	14003	20825
point	62	5	0	16	11730.924808386706	16532.04061316254	672.0	11730	16535
point	61	5	1	16	18247.815407713202	9917.78358300797	132.0	18271	10017
point	60	5	1	16	9656.199951847662	21355.521877257142	298.0	9710	21353
point	57	6	0	16	12093.82448988453	19078.463422465808	672.0	12063	19018
point	56	6	0	16	13415.028139957607	12440.928567799921	672.0	13220	12936
point	55	6	1	16	9505.810109708153	21362.0	298.0	9381	21362
point	53	7	1	16	12648.385806144423	14307.111931411773	504.49999999999994	12633	14377
point	52	7	0	16	17939.72271130083	22655.332505291663	298.0	17592	23139
disappearpoint	51	6	0	16	13697.0	15238.0	0.0	13697	15238
point	50	7	0	16	15757.192574038918	14073.510690151234	448.0	15782	14101
point	47	8	2	16	7231.943600669311	20405.11097329458	252.24999999999997	7267	20379
point	46	8	1	16	8610.181653243213	20241.333356963944	504.5	8802	19982
point	45	8	0	16	14412.291352633254	30113.0	672.0	14395	30113
point	42	9	0	16	13282.566269195198	19460.753472657078	672.0	13251	19482
point	41	9	0	16	8613.212002527885	17580.57436463537	1008.9999999999999	8548	18096
point	40	9	2	16	10184.41546340342	16257.436422689472	252.25	10189	16288
point	39	10	4	16	10570.500110843703	5192.559088827605	63.0625	10610	5222
point	38	10	1	16	7419.018152393491	16270.053465816643	504.5	7323	16192
point	59	6	2	16	9555.32603230672	17605.246772158534	252.25	9544	17426
point	36	10	4	16	15058.551071819673	22541.224778985656	63.0625	14989	22150
point	35	10	5	16	4610.285013888296	10593.442591351062	31.531250000000004	4595	10578
point	33	11	2	16	18498.02393127101	10637.94819781878	132.0	18495	10639
point	32	11	0	16	7488.129548182912	19010.937999061014	448.0	7429	18924
point	31	11	2	16	13907.53586037529	26005.72714733499	252.25	14004	25954
point	49	8	1	16	11076.01250182427	14472.316680450038	504.5	11090	14578
point	28	12	1	16	12060.032087151438	15837.419782121406	504.50000000000006	12061	15835
point	27	12	0	16	15726.612496692987	15764.034294784948	298.0	15696	15848
point	26	12	0	16	6356.8942514078835	21101.1869627741	298.0	6320	21136
point	25	12	0	16	9055.651696231762	15757.456195164177	448.0	9070	15759
point	74	3	3	16	10852.973241474885	13562.239216056476	126.125	10808	13522
point	34	11	0	16	8197.473739003064	16902.33131447311	672.0	8259	16953
point	21	13	4	16	11890.706351455457	15773.468242722714	63.0625	11881	15822
point	20	13	0	16	14200.079721891663	26885.541912966248	298.0	14213	26879
disappearpoint	48	7	0	16	8682.0	14041.0	0.0	8682	14041
point	54	7	0	16	12338.984258193292	12643.258445763133	672.0	12284	12624
point	58	6	1	16	10527.810469969081	26568.55483351425	504.50000000000006	10496	26326
point	16	14	2	16	7858.814686661677	18390.679193895958	252.25	7980	18219
point	15	14	0	16	12736.50192266265	11759.670484801678	1009.0	12996	11264
point	13	15	0	16	12252.086014286348	9976.633994661079	298.0	12332	9967
point	24	13	2	16	12055.270279655511	18988.145944068896	252.25	12136	18972
point	11	15	4	16	14385.198039937271	20277.731316479578	63.06250000000001	14454	20335
point	10	15	0	16	11576.691634509814	18157.799943543167	88.0	11528	18183
disappearpoint	9	15	1	16	4084.0	19962.0	0.0	4084	19962
point	8	16	2	16	8904.27746525604	11131.232474550909	252.25	8983	11081
disappearpoint	7	15	0	16	15545.0	6810.0	0.0	15545	6810
point	29	12	3	16	9812.901424663612	12199.502374439355	126.125	9935	12403
point	64	5	1	16	11050.013780149326	17342.33919240439	448.00000000000006	11124	17201
point	4	17	2	16	10292.513000261035	12962.5808207202	252.25	10411	12883
point	44	9	0	16	16464.20479892077	22013.6351995803	1009.0	16172	21900
point	2	17	3	16	4424.194022681828	16084.762009760725	126.12500000000001	4441	16014
point	43	9	1	16	9555.91706575048	20628.15888219066	504.5	9944	20776
point	0	17	1	16	13045.696712151463	13312.158597328302	504.5	13099	13212
newpoint	80	1	5	16	2667.0	19366.0	31.531249999999996	2735	19273
newpoint	81	1	0	16	17477.0	10257.0	132.0	17429	10199
newpoint	82	1	1	16	19952.0	13377.0	132.0	19850	13353
newpoint	83	1	0	16	6040.0	21363.0	298.0	6190	21242
newpoint	84	1	1	16	12480.0	16590.0	298.0	12514	16662
point	84	2	1	17	12165.499593894298	16742.146579183827	504.5	12094	16784
point	83	2	0	17	6271.593964235045	21175.4695368545	298.0	6320	21136
point	82	2	1	17	19829.358808440906	13335.263865030704	132.0	19715	13237
point	81	2	0	17	17375.552797556487	10217.96999297995	132.0	17074	10325
point	80	2	5	17	2685.6108219150788	19340.546964145553	31.531249999999996	2735	19273
point	73	4	0	17	19006.811072251465	9500.806651239198	132.0	19031	9892
point	72	4	0	17	10570.91617743005	22496.76950377887	298.0	10677	22386
point	71	4	0	17	15949.144694295177	29524.757814999513	672.0	15728	29626
point	70	4	0	17	9822.40985710093	17816.115527310933	672.0	10056	17840
point	69	5	0	17	8750.684313785017	20051.377457349863	672.0	8802	19982
point	68	5	5	17	15965.493255925454	5996.903780324175	31.53125	15996	6011
point	67	5	0	17	18691.244665148817	13568.657173589409	132.0	18690	13547
point	66	5	2	17	15639.330324374287	8195.175269276842	252.25	15644	8383
point	65	5	1	17	6080.344296594721	19293.420715780718	298.0	6063	19299
point	63	6	1	17	13806.009933328323	20747.337729110735	504.5	13308	20551
point	62	6	0	17	11485.001087347853	16881.681941744075	447.99999999999994	11303	16861
point	61	6	1	17	18279.73548388742	10045.815752044218	132.0	18348	10271
point	60	6	1	17	9952.931827658174	21329.362039087893	298.0	10074	21316
point	57	7	0	17	11710.058349810883	18810.06921215651	448.0	11570	18739
point	56	7	0	17	13163.828534996124	13064.126647446858	672.0	13099	13212
point	55	7	1	17	9211.466488355176	21396.807041005897	298.0	9134	21407
point	53	8	1	17	12508.41763863616	14789.894602213408	504.5	12490	14834
point	52	8	0	17	17765.77057176793	22897.292529163224	298.0	17592	23139
point	78	3	0	17	5772.019102221808	19274.96759329429	298.0	5587	19249
point	50	8	0	17	16066.948861956973	14387.340513843781	448.0	16081	14393
point	47	9	2	17	7416.514974828651	20235.27300886684	252.25	7465	20158
point	46	9	1	17	8852.976415287216	19812.661726665498	504.5	8843	19730
point	45	9	0	17	13812.492754640882	30259.189930546672	672.0	13795	30273
point	42	10	0	17	12853.940332359703	19965.518654501837	672.0	12780	20082
point	41	10	0	17	8571.405050661146	18584.9055026995	1009.0	8584	18848
point	40	10	2	17	10249.91821766104	16500.796513747468	252.24999999999997	10262	16543
point	39	11	4	17	10623.724580360731	5223.419784175248	63.0625	10929	5255
point	38	11	1	17	7048.57834818958	16002.758404038857	298.0	7013	16033
disappearpoint	59	6	2	17	9544.0	17426.0	0.0	9544	17426
point	36	11	4	17	15047.51303214905	22479.135805838407	63.0625	14989	22150
point	35	11	5	17	4586.480738369493	10573.149617465842	31.53125	4458	10500
point	33	12	2	17	18252.276793050503	10659.128702269525	252.25	18247	10659
point	32	12	0	17	7250.388478287655	18634.45294263938	448.0	7239	18595
point	31	12	2	17	13941.533343599043	25825.596317398034	252.25	13842	25621
point	49	9	1	17	10736.862168934775	14589.771261035508	448.0	10670	14592
point	28	13	1	17	12248.177066720404	15369.330380127996	504.49999999999994	12350	15144
point	27	13	0	17	15608.173400997011	16037.17415159521	298.0	15579	16095
point	26	13	0	17	6128.094609514313	21291.93701499179	298.0	6040	21363
point	25	13	0	17	9474.08615047475	15696.267239719846	448.0	9567	15699
point	74	4	3	17	10759.039563047836	13478.072878996189	126.125	10701	13426
point	34	12	0	17	8636.006544587708	17400.409811047146	1008.9999999999999	8548	18096
point	21	14	4	17	11893.912100581185	15826.1728129927	63.0625	12045	15875
point	20	14	0	17	14488.068850453963	26836.788975055188	298.0	14698	26760
point	77	3	2	17	14735.344768048128	29154.55894099507	198.0	14985	28994
point	54	8	0	17	11449.62637208253	13007.241404355149	1008.9999999999999	11396	13028
point	58	7	1	17	10473.165261702521	26069.89869694863	504.5	10548	25904
point	16	15	2	17	8016.002810266267	18240.837770161506	252.25	8102	18293
point	15	15	0	17	13101.209661971621	10826.975250271724	1008.9999999999999	13308	9968
point	13	16	0	17	12501.643334000732	9830.872826212179	298.0	12661	9703
point	24	14	2	17	12243.913934614631	18843.495196936285	252.24999999999997	12255	18826
point	11	16	4	17	14433.666951061894	20318.07538123071	63.06250000000001	14454	20335
point	10	16	0	17	11522.34250177865	18150.312232498865	88.0	11519	18131
point	76	3	0	17	12815.024020220262	17939.378488771104	448.0	12649	18013
point	8	17	2	17	9118.237232144056	10997.750006756121	252.25	9467	10813
point	79	3	0	17	10823.23257323054	14178.66223364513	298.0	10831	14244
point	29	13	3	17	9877.792201816908	12307.653669694848	126.125	9935	12403
point	64	6	1	17	11262.853188045625	16948.150058805804	448.0	11286	16906
point	4	18	2	17	10427.98955119763	12776.822055696948	252.25000000000003	10395	12471
point	44	10	0	17	15479.927637731114	21831.26678593905	1009.0000000000001	15004	21784
point	2	18	3	17	4450.148703130844	15961.394956997643	126.12499999999999	4497	15692
point	43	10	1	17	10033.206465089534	20775.150414618194	504.5	10364	20772
point	0	18	1	17	13252.870736681927	12852.55889919203	504.5	13428	12408
newpoint	85	1	0	17	10866.0	17920.0	672.0000000000001	10955	17941
newpoint	86	1	3	17	14051.0	28217.0	126.12500000000001	14099	28206
newpoint	87	1	0	17	11892.0	16759.0	448.0	11799	16757
newpoint	88	1	2	17	15707.0	22496.0	252.24999999999997	15818	22257
newpoint	89	1	0	17	13942.0	14344.0	298.0	13933	14470
point	89	2	0	18	13761.43373049416	14476.219925178459	298.0	13602	14482
point	88	2	2	18	15813.25345077555	22267.220047429222	252.24999999999997	15818	22257
point	87	2	0	18	11768.771157259866	16362.703224472567	672.0	11763	16330
point	86	2	3	18	14168.519278874499	28173.171451642596	126.125	14171	28172
point	85	2	0	18	11194.238839386737	17666.50727380712	448.0	11306	17613
point	83	3	0	18	6491.31528311092	20974.348655936363	298.0	6515	20952
point	82	3	1	18	19729.24170898363	13249.237320311862	132.0	19715	13237
point	81	3	0	18	17251.155897990444	10262.122131980857	132.0	17074	10325
point	80	3	5	18	2704.221643830158	19315.09392829111	31.531249999999996	2735	19273
point	73	5	0	18	19014.957560355582	9632.555027819593	132.0	19031	9892
point	72	5	0	18	10772.381857729486	22277.285194415854	298.0	10863	22174
point	71	5	0	18	15366.89346315018	29768.47210933532	298.0	15169	29365
point	70	5	0	18	10491.138060998403	17882.30138504687	672.0	10573	17890
point	69	6	0	18	8707.408159260644	19268.254812617328	1009.0	8584	18848
point	68	6	5	18	15994.116569906817	6010.129725405219	31.53125	15996	6011
point	67	6	0	18	18663.027815753932	13440.041338334557	132.0	18661	13432
point	66	6	2	18	15646.679642837784	8447.31142810681	252.25000000000003	15647	8455
point	65	6	1	18	5784.340345042623	19276.696890532297	298.0	5587	19249
point	63	7	1	18	13336.667765639095	20562.302111921024	504.5	13308	20551
point	62	7	0	18	11147.656074320686	16903.62704061987	298.0	10849	16985
point	61	7	1	18	18318.03026307276	10172.13878987638	132.0	18348	10271
point	60	7	1	18	10249.236749859456	21297.668923660553	298.0	10320	21290
point	57	8	0	18	11347.66298621609	18557.86740664226	448.0	11253	18445
point	56	8	0	18	12857.832935356333	13661.963670477631	672.0	12792	13779
point	55	8	1	18	9017.067942489148	21234.09101120463	298.0	8879	21293
point	53	9	1	18	12302.004813463276	15250.211570206267	504.49999999999994	12242	15383
point	52	9	0	18	17591.516261956574	23138.492075054404	672.0	17572	23118
point	78	4	0	18	5483.4452642947645	19281.601635449122	298.0	5324	19389
point	50	9	0	18	16496.107024938705	13975.230359203688	672.0	16800	13876
point	47	10	2	18	7559.942467203251	20027.94182574897	252.25	7611	19958
point	46	10	1	18	9263.769673020679	19712.752996366897	504.5	9286	19713
point	45	10	0	18	13284.872890231944	30675.363092274238	672.0	13227	30721
point	42	11	0	18	12603.0	20568.90000298762	672.0	12603	20838
point	41	11	0	18	8794.076982498436	19563.39729175143	1009.0	8843	19730
point	40	11	2	18	10299.276184965987	16740.629226556503	252.25	10058	16725
point	39	12	4	18	10686.452331608918	5229.908861890578	63.0625	10929	5255
point	38	12	1	18	6761.794578721678	16040.092858953742	298.0	6588	16045
point	84	3	1	18	11718.40683089428	16767.713864902857	448.0	11717	16768
point	36	12	4	18	15036.474992478428	22417.046832691158	63.0625	14989	22150
point	35	12	5	18	4559.079364068963	10557.548835017365	31.53125	4458	10500
point	33	13	2	18	18018.515844794612	10752.75489651285	252.25	17918	10794
point	32	13	0	18	6984.790379314168	18287.445677513642	448.0	6831	18153
point	31	13	2	18	13864.46188664313	25610.660401386496	252.25	14031	25534
point	49	10	1	18	10289.157894465727	14605.925589846009	448.0	10258	14607
point	28	14	1	18	12455.514428601828	14909.408449457338	504.50000000000006	12490	14834
point	27	14	0	18	15491.949963309067	16304.757652267368	298.0	15489	16317
point	26	14	0	18	5922.500816744783	21503.495916276086	298.0	5909	21571
point	25	14	0	18	9886.671803843223	15683.64466944177	448.0	9916	15677
point	74	5	3	18	10664.376375512249	13394.741619863957	126.125	10544	13292
point	34	13	0	18	8562.721339226046	18403.512419388502	1009.0	8584	18848
point	21	15	4	18	11953.918870962401	15845.56524488419	63.0625	12045	15875
point	20	15	0	18	14688.625623941438	26648.444924903102	448.0	14668	26403
point	77	4	2	18	14901.877988636357	29047.457650430893	198.0	14985	28994
point	54	9	0	18	10499.104657588045	13331.095465641032	1008.9999999999999	9708	14020
point	58	8	1	18	10669.711444625373	25605.344635919537	504.5	10678	25585
point	16	16	2	18	8236.207767267148	18351.364204269503	252.25	8285	18345
point	15	16	0	18	13326.656768419722	9843.910796092081	1009.0	13480	8824
point	13	17	0	18	12787.421872199806	9765.068569784844	448.0	12993	9866
point	24	15	2	18	12276.702780509095	18595.481277295286	252.25	12292	18433
point	11	17	4	18	14482.122535995146	20358.43544666262	63.0625	14586	20445
point	10	17	0	18	11453.126843553588	18112.577846078544	88.0	11401	18098
point	76	4	0	18	12405.495020800814	18091.0	448.0	12389	18091
point	8	18	2	18	9341.143418831793	10879.669972726942	252.25	9467	10813
point	79	4	0	18	10941.506123909294	14388.892027172387	298.0	11072	14442
point	29	14	3	18	9942.682978970206	12415.804964950343	126.125	9989	12493
point	64	7	1	18	11628.878415987854	16831.11766194724	448.0	11629	16831
point	4	19	2	18	10400.93585710545	12526.02699965324	252.25000000000003	10395	12471
point	44	11	0	18	14475.256076576437	21829.88273715659	1009.0	14036	21868
point	2	19	3	18	4471.759108796346	15837.135124421011	126.12499999999999	4497	15692
point	43	11	1	18	10369.026873648869	20926.157458565318	448.0	10370	20956
point	0	19	1	18	13438.105521410778	12383.297614329209	504.5	13536	12144
newpoint	90	1	0	18	1821.0	21195.0	672.0	3010	21435
newpoint	91	1	0	18	15755.0	22665.0	298.0	15658	22701
newpoint	92	1	0	18	13025.0	17864.0	448.0	13003	17865
newpoint	93	1	1	18	19742.0	11654.0	132.0	19744	11705
newpoint	94	1	4	18	16240.0	12792.0	63.06249999999999	16308	12961
point	94	2	4	19	16263.540147800304	12850.504190856638	63.06249999999999	16308	12961
point	93	2	1	19	19436.439761707326	11671.742841669307	504.50000000000006	19348	11666
point	92	2	0	19	12614.833877276882	18034.59298956101	448.0	12524	18092
point	91	2	0	19	15480.676565938233	22620.9982646326	298.0	15443	22604
point	90	2	0	19	2479.7147841797378	21327.961773089264	672.0	3010	21435
point	89	3	0	19	13463.634790204644	14487.163695367326	298.0	13308	14493
point	88	3	2	19	15721.9421418371	22111.576426150572	252.25	15492	22007
point	87	3	0	19	12083.523329225876	15778.953576112353	672.0	12104	15728
point	86	3	3	19	14282.020498886845	28118.17187932759	126.125	14501	28012
point	85	3	0	19	11601.67324721268	17482.37120833576	448.0	11729	17450
point	83	4	0	19	6650.537064524327	20721.593780793057	298.0	6627	20675
point	82	4	1	19	19643.900273646635	13148.884954519333	132.0	19598	13092
point	81	4	0	19	17126.7589984244	10306.274270981763	132.0	17074	10325
point	80	4	5	19	2722.8324657452367	19289.640892436662	31.531249999999996	2735	19273
point	73	6	0	19	19023.1040484597	9764.303404399987	132.0	19031	9892
point	72	6	0	19	10967.459880276241	22052.01781722581	298.0	11018	21993
point	71	6	0	19	15235.666191199502	29500.921360698012	298.0	15169	29365
point	70	6	0	19	10873.04714184314	17669.973990521834	448.0	10979	17478
point	69	7	0	19	8556.696145249838	18277.652811885495	1009.0	8548	18096
point	68	7	5	19	15977.826889745384	6034.182365004287	31.53125	15684	6409
point	67	7	0	19	18653.308576729905	13308.532415927442	132.0	18642	13127
point	66	7	2	19	15657.192251862234	8699.291692480632	252.25	15686	8743
point	65	7	1	19	5493.764617261145	19274.650775938087	298.0	5324	19389
point	63	8	1	19	12983.563575483073	20230.42484592501	504.5	12944	20185
point	62	8	0	19	10860.13723221047	16981.965507745554	298.0	10849	16985
point	61	8	1	19	18363.068460585288	10295.42129818995	132.0	18435	10412
point	60	8	1	19	10582.035190241511	21203.071043689808	504.50000000000006	10938	21111
point	57	9	0	19	11342.79179080424	18347.029030115336	198.0	11371	18316
point	56	9	0	19	12650.65490407553	14296.80484250437	672.0	12633	14377
disappearpoint	55	8	1	19	8879.0	21293.0	0.0	8879	21293
point	53	10	1	19	12108.751212341465	15716.121969146338	504.5	12104	15728
point	52	10	0	19	17157.799953628764	22677.653831111485	298.0	16956	22928
point	78	5	0	19	5236.449953726544	19448.324345811816	298.0	5109	19533
point	50	10	0	19	17120.561156755088	13729.82411251968	672.0	17300	13648
point	47	11	2	19	7706.418138419624	19822.5862346979	252.25000000000003	7778	19721
disappearpoint	46	10	1	19	9334.0	19965.0	0.0	9334	19965
point	45	11	0	19	12738.613439547802	30674.474313955965	672.0	12369	30213
point	42	12	0	19	12547.672746471551	21233.061531472285	672.0	12474	21403
point	41	12	0	19	8628.857183309168	20216.08453177609	672.0	8498	20393
point	40	12	2	19	10057.192380059263	16735.436934618752	252.25	10045	16893
point	39	13	4	19	10749.180082857105	5236.397939605908	63.0625	10929	5255
point	38	13	1	19	6463.925046625319	16048.897642514388	298.0	6206	16057
point	84	4	1	19	11317.637990191688	16862.663407976328	447.99999999999994	11303	16861
point	36	13	4	19	15025.436952807806	22354.95785954391	63.0625	14989	22150
point	35	13	5	19	4531.677989768432	10541.948052568889	31.53125	4458	10500
point	33	14	2	19	17795.363415997	10868.709643128266	252.25	17744	10900
point	32	14	0	19	6652.643403389056	17986.891066675646	447.99999999999994	6598	17936
point	31	14	2	19	14094.894928746415	25508.179446602477	252.25	14177	25475
point	49	11	1	19	10177.363477606352	14872.275318369904	298.0	10159	14933
point	28	15	1	19	12620.483314147745	14434.815167984223	504.5	12633	14377
disappearpoint	27	14	0	19	15683.0	16407.0	0.0	15683	16407
point	26	15	0	19	5929.825323536716	21799.21083708984	298.0	5933	21834
point	25	15	0	19	10107.40897956805	16046.423945514802	447.99999999999994	10183	16248
point	74	6	3	19	10568.442818643829	13312.86202355588	126.125	10544	13292
point	34	14	0	19	8742.910221249285	19389.153726416487	1009.0	8843	19730
point	21	16	4	19	12013.925641343616	15864.95767677568	63.0625	12045	15875
point	20	16	0	19	14678.07191680338	26201.561663932396	448.0	14682	26123
point	77	5	2	19	14929.241898041244	28880.625192683863	252.25	14925	28872
point	54	10	0	19	9738.178163696435	13993.720450752386	1008.9999999999999	9708	14020
point	58	9	1	19	10870.441546740118	25142.50674465662	504.5	10893	25090
point	16	17	2	19	8477.183062164171	18318.73333870868	252.24999999999997	8704	18357
point	15	17	0	19	13476.673475760337	8846.125254245198	1009.0	13480	8824
point	13	18	0	19	13184.101368678652	9972.925765808293	448.0	13245	10007
point	24	16	2	19	12304.400672432006	18344.817440483515	252.24999999999997	12319	18241
point	11	18	4	19	14530.568490439757	20398.807075366465	63.0625	14586	20445
point	10	18	0	19	11367.126901030357	18098.0	88.0	11355	18098
point	76	5	0	19	12305.8104023778	18334.792694202315	448.0	12292	18433
point	8	19	2	19	9563.696978487198	10760.934351652622	252.25	9876	10594
point	79	5	0	19	11022.83989185961	14091.131777194087	672.0	11021	14078
point	29	15	3	19	10007.573756123502	12523.956260205838	126.125	10277	12973
point	64	8	1	19	11767.417827395402	16379.36967673037	504.50000000000006	11769	16364
point	4	20	2	19	10321.409875583484	12292.576119653208	252.25	10308	12270
point	44	12	0	19	13468.049140779063	21880.715317743754	1009.0	12696	21898
point	2	20	3	19	4493.369514461847	15712.87529184438	126.12499999999999	4497	15692
point	43	12	1	19	10514.940937592066	21220.425112681103	504.50000000000006	10938	21111
point	0	20	1	19	13651.078274532954	11926.629925882198	504.5	13752	11736
newpoint	95	1	0	19	10019.0	18266.0	298.0	10052	17895
newpoint	96	1	0	19	14951.0	21471.0	298.0	14984	21325
newpoint	97	1	2	19	14173.0	15304.0	252.25	13967	15292
newpoint	98	1	2	19	16603.0	28633.0	252.25000000000003	16615	28657
newpoint	99	1	2	19	15589.0	12450.0	252.24999999999997	15352	12605
point	99	2	2	20	15377.89010836736	12588.067650645819	252.24999999999997	15352	12605
point	98	2	2	20	16707.95646547464	28862.33217355099	252.25	16734	28920
point	97	2	2	20	13921.181617555147	15294.749102946691	252.25	13917	15295
point	96	2	0	20	14898.076780247136	21191.118742581722	672.0	14844	21170
point	95	2	0	20	10045.402497539182	17969.171921604957	298.0	10052	17895
point	91	3	0	20	15195.157934378136	22559.28163620356	298.0	15061	22555
point	90	3	0	20	3134.8255893848273	21405.956805336617	672.0	3763	21355
point	89	4	0	20	13165.859159440199	14498.718309677693	298.0	13134	14500
point	88	4	2	20	15492.323747017721	22007.147238369704	252.25	15492	22007
point	87	4	0	20	12343.098612419739	15159.272515108169	672.0	12350	15144
point	86	4	3	20	14395.509553156964	28063.146883317837	126.125	14501	28012
point	85	4	0	20	11898.967672189561	17605.717909948755	298.0	11954	17581
point	83	5	0	20	6530.576976160203	20449.08927079391	298.0	6522	20428
point	82	5	1	20	19576.381436104686	13037.204432106922	132.0	19497	12836
point	81	5	0	20	17009.896923344633	10365.856906000125	132.0	16892	10441
point	80	5	5	20	2740.5005047092823	19263.570563355515	31.53125	2784	19189
point	73	7	0	20	19034.043981313673	9894.685865865005	132.0	19065	9922
point	72	7	0	20	11145.081182995404	21813.053906158184	298.0	11418	21417
point	71	7	0	20	15104.638588491891	29233.277176983782	298.0	15071	29166
point	70	7	0	20	11085.076915658346	17275.35651284578	448.00000000000006	11124	17201
point	69	8	0	20	8651.822539687926	17275.402619005043	1008.9999999999999	8652	17274
point	68	8	5	20	15958.373752139734	6058.997585411493	31.53125	15684	6409
point	67	8	0	20	18645.101534930884	13176.787797574703	132.0	18642	13127
point	66	8	2	20	15825.268651655313	8886.405344278739	252.25	16090	9159
point	65	8	1	20	5246.813235074776	19441.439152039362	298.0	5109	19533
point	63	9	1	20	12568.082797350613	19948.242373993162	504.5	12517	19916
point	62	9	0	20	10708.976972418353	16820.120439967304	298.0	10530	16873
point	61	9	1	20	18432.38262775544	10407.758051879508	132.0	18435	10412
point	60	9	1	20	11071.424980402113	21141.293484698977	504.5	11537	21247
point	57	10	0	20	11290.853599090111	18228.696764972166	198.0	11381	18192
point	56	10	0	20	12444.60564369073	14933.262325796271	672.0	12415	14998
point	94	3	4	20	16287.080295600608	12909.008381713275	63.06249999999999	16308	12961
point	53	11	1	20	11869.074387957635	16158.098686045187	504.5	11784	16295
point	52	11	0	20	16970.781456156787	22909.66262750361	298.0	16956	22928
point	78	6	0	20	4987.311669197815	19611.820850633234	298.0	4845	19704
point	50	11	0	20	17751.53736705209	13501.25035570807	672.0	18100	13388
point	47	12	2	20	7863.796162882114	19626.041140111058	252.25	7881	19607
point	93	3	1	20	18936.56747947298	11726.579026196536	504.5	18616	11773
point	45	12	0	20	12318.75172128527	30149.78442355244	672.0	12276	30096
point	42	13	0	20	12198.41074117249	21640.17945307934	1009.0	12036	21504
point	41	13	0	20	8622.020881097535	20550.435833517597	298.00000000000006	8691	20638
point	40	13	2	20	10037.899282791552	16986.947950757924	252.25	10032	17065
point	39	14	4	20	10811.907834105292	5242.887017321237	63.0625	10929	5255
point	38	14	1	20	6201.774088036595	16017.276427543988	298.0	6201	16010
disappearpoint	84	4	1	20	11081.0	16715.0	0.0	11081	16715
point	36	14	4	20	15014.398913137184	22292.86888639666	63.0625	14989	22150
point	35	14	5	20	4504.276615467901	10526.34727012041	31.53125	4458	10500
point	33	15	2	20	17631.02715655217	11052.995459890171	252.25000000000003	17603	11112
point	32	15	0	20	6599.18826046774	17739.923343870254	298.0	6629	17675
point	31	15	2	20	14123.0	25321.226768253615	252.24999999999997	14123	25187
disappearpoint	49	11	1	20	10260.0	15002.0	0.0	10260	15002
point	28	16	1	20	12733.410267282592	13943.352253251469	504.50000000000006	12743	13915
point	92	3	0	20	12211.054989123028	18143.641551121775	448.0	12198	18205
point	26	16	0	20	5729.298078390798	21996.729355841373	298.0	5524	22095
point	25	16	0	20	10241.916138306722	16472.844044770056	448.00000000000006	10262	16543
point	74	7	3	20	10480.831332724436	13222.40266304595	126.125	10318	13043
point	34	15	0	20	9189.129119199644	20284.616249477793	1009.0	9356	20552
point	21	17	4	20	12056.292408070993	15846.76897982252	63.06250000000001	12061	15835
point	20	17	0	20	14682.0	25753.659804712614	448.0	14682	25668
point	77	6	2	20	14817.658831934827	28654.39681575904	252.24999999999997	14778	28574
point	54	11	0	20	9155.107680745437	14815.446180897468	1008.9999999999999	8948	15300
point	58	10	1	20	11067.137655400376	24677.931686725842	504.5	11196	24373
point	16	18	2	20	8707.424238126812	18335.037645117685	252.25	8733	18171
point	15	18	0	20	13625.528318772014	8258.30510106566	448.0	13673	8261
point	13	19	0	20	13574.136512295534	10193.321022230763	448.0	13584	10199
point	24	17	2	20	12228.560362430913	18124.592545703155	252.25	12218	18111
point	11	19	4	20	14579.014444884366	20439.178704070306	63.0625	14586	20445
disappearpoint	10	18	0	20	11355.0	18098.0	0.0	11355	18098
point	76	6	0	20	12812.499765437933	18486.448882851775	672.0	12871	18492
point	8	20	2	20	9786.160163687491	10642.021805087761	252.25	9876	10594
point	79	6	0	20	10783.341130509507	13499.87615447582	672.0	10701	13426
point	29	16	3	20	10072.4645332768	12632.107555461333	126.125	10277	12973
disappearpoint	64	8	1	20	11657.0	16054.0	0.0	11657	16054
point	4	21	2	20	10281.06156623364	12088.131435965643	252.25	10139	11868
point	44	13	0	20	12476.671619773273	21808.842121859056	1008.9999999999999	12327	21748
point	2	21	3	20	4601.294546779229	15703.58828297547	126.125	4686	15713
point	43	13	1	20	10970.616660767517	21170.117697641123	504.50000000000006	11018	21256
point	0	21	1	20	13860.828906329327	11470.354697072162	504.5	13858	11129
newpoint	100	1	1	20	14438.0	24402.0	198.0	14485	24530
newpoint	101	1	1	20	11974.0	18944.0	448.0	11999	18958
newpoint	102	1	2	20	20281.0	19138.0	132.0	20296	19157
newpoint	103	1	5	20	10714.0	27981.0	31.53125	10746	28041
newpoint	104	1	0	20	20405.0	9591.0	132.0	20202	9339
